34202,37503,3
740.39 1762.41 0 0 0
741.43 1762.41 62 65 63
741.54 1762.41 63 66 64
741.64 1762.41 63 66 64
741.74 1762.41 64 67 65
741.85 1762.41 64 66 66
741.95 1762.41 66 68 68
742.06 1762.41 66 68 68
742.16 1762.41 65 67 67
742.26 1762.41 66 68 68
742.37 1762.41 67 69 69
742.47 1762.41 69 71 71
742.58 1762.41 69 71 71
742.68 1762.41 69 71 71
742.78 1762.41 68 70 70
742.89 1762.41 70 72 72
742.99 1762.41 71 73 73
743.09 1762.41 65 67 67
743.2 1762.41 72 74 74
743.3 1762.41 67 69 69
743.41 1762.41 71 73 73
743.51 1762.41 70 75 74
743.61 1762.41 69 74 73
743.72 1762.41 69 74 73
743.82 1762.41 69 74 73
743.93 1762.41 71 76 75
744.03 1762.41 70 75 74
744.13 1762.41 70 75 74
744.24 1762.41 72 77 76
744.34 1762.41 69 74 73
744.44 1762.41 73 78 77
744.55 1762.41 78 83 82
744.65 1762.41 70 75 74
744.76 1762.41 75 80 79
744.86 1762.41 76 81 80
744.96 1762.41 77 82 81
745.07 1762.41 76 81 80
745.17 1762.41 72 77 76
745.28 1762.41 72 77 76
745.38 1762.41 75 80 79
745.48 1762.41 77 82 81
745.59 1762.41 76 81 80
745.69 1762.41 76 81 80
745.79 1762.41 77 82 81
745.9 1762.41 78 83 82
746.0 1762.41 70 75 74
746.11 1762.41 80 85 84
746.21 1762.41 74 79 78
746.31 1762.41 79 84 83
746.42 1762.41 76 81 80
746.52 1762.41 77 82 81
746.63 1762.41 78 83 82
746.73 1762.41 77 82 81
746.83 1762.41 78 80 80
746.94 1762.41 78 80 80
747.04 1762.41 81 83 83
747.14 1762.41 85 87 87
747.25 1762.41 82 84 84
747.35 1762.41 82 84 84
747.46 1762.41 80 82 82
747.56 1762.41 78 80 80
747.66 1762.41 80 82 82
747.77 1762.41 79 81 81
747.87 1762.41 81 83 83
747.98 1762.41 64 66 66
748.08 1762.41 78 80 80
748.18 1762.41 80 82 82
748.29 1762.41 82 84 84
748.39 1762.41 83 85 85
748.49 1762.41 81 86 85
748.6 1762.41 82 87 86
748.7 1762.41 82 87 86
748.81 1762.41 81 86 85
748.91 1762.41 81 86 85
749.01 1762.41 80 85 84
749.12 1762.41 82 87 86
749.22 1762.41 82 87 86
749.33 1762.41 84 89 88
749.43 1762.41 83 88 87
749.53 1762.41 82 87 86
749.64 1762.41 79 84 83
749.74 1762.41 85 90 89
749.84 1762.41 70 75 74
749.95 1762.41 88 93 92
750.05 1762.41 84 89 88
750.16 1762.41 83 89 88
750.26 1762.41 81 87 86
750.36 1762.41 80 86 85
750.47 1762.41 83 88 87
750.57 1762.41 84 89 88
750.67 1762.41 76 81 80
750.78 1762.41 78 83 82
750.88 1762.41 83 88 87
750.99 1762.41 83 88 87
751.09 1762.41 84 89 88
751.19 1762.41 83 88 87
751.3 1762.41 81 86 85
751.4 1762.41 81 86 85
751.51 1762.41 82 87 86
751.61 1762.41 82 87 86
751.71 1762.41 78 83 82
751.82 1762.41 82 87 86
751.92 1762.41 84 89 88
752.02 1762.41 85 90 89
752.13 1762.41 87 92 91
752.23 1762.41 83 88 87
752.34 1762.41 92 97 96
752.44 1762.41 78 83 82
752.54 1762.41 100 105 104
752.65 1762.41 86 86 86
752.75 1762.41 87 87 87
752.86 1762.41 88 88 88
752.96 1762.41 86 88 88
753.06 1762.41 87 89 89
753.17 1762.41 86 88 88
753.27 1762.41 87 89 89
753.37 1762.41 88 90 90
753.48 1762.41 87 89 89
753.58 1762.41 82 84 84
753.69 1762.41 82 84 84
753.79 1762.41 85 87 87
753.89 1762.41 86 88 88
754.0 1762.41 85 87 87
754.1 1762.41 85 87 87
754.21 1762.41 86 88 88
754.31 1762.41 88 90 90
754.41 1762.41 90 92 92
754.52 1762.41 6 8 8
742.47 1762.41 69 71 71
742.58 1762.41 69 71 71
742.68 1762.41 69 71 71
742.78 1762.41 68 70 70
742.89 1762.41 70 72 72
742.99 1762.41 71 73 73
743.09 1762.41 65 67 67
743.2 1762.41 72 74 74
743.3 1762.41 67 69 69
743.41 1762.41 71 73 73
743.51 1762.41 70 75 74
743.61 1762.41 69 74 73
743.72 1762.41 69 74 73
743.82 1762.41 69 74 73
743.93 1762.41 71 76 75
744.03 1762.41 70 75 74
744.13 1762.41 70 75 74
744.24 1762.41 72 77 76
744.34 1762.41 69 74 73
744.44 1762.41 73 78 77
744.55 1762.41 78 83 82
744.65 1762.41 70 75 74
744.76 1762.41 75 80 79
744.86 1762.41 76 81 80
744.96 1762.41 77 82 81
745.07 1762.41 76 81 80
745.17 1762.41 72 77 76
745.28 1762.41 72 77 76
745.38 1762.41 75 80 79
745.48 1762.41 77 82 81
745.59 1762.41 76 81 80
745.69 1762.41 76 81 80
745.79 1762.41 77 82 81
745.9 1762.41 78 83 82
746.0 1762.41 70 75 74
746.11 1762.41 80 85 84
746.21 1762.41 74 79 78
746.31 1762.41 79 84 83
746.42 1762.41 76 81 80
746.52 1762.41 77 82 81
746.63 1762.41 78 83 82
746.73 1762.41 77 82 81
746.83 1762.41 78 80 80
746.94 1762.41 78 80 80
747.04 1762.41 81 83 83
747.14 1762.41 85 87 87
747.25 1762.41 82 84 84
747.35 1762.41 82 84 84
747.46 1762.41 80 82 82
747.56 1762.41 78 80 80
747.66 1762.41 80 82 82
747.77 1762.41 79 81 81
747.87 1762.41 81 83 83
747.98 1762.41 64 66 66
748.08 1762.41 78 80 80
748.18 1762.41 80 82 82
748.29 1762.41 82 84 84
748.39 1762.41 83 85 85
748.49 1762.41 81 86 85
748.6 1762.41 82 87 86
748.7 1762.41 82 87 86
748.81 1762.41 81 86 85
748.91 1762.41 81 86 85
749.01 1762.41 80 85 84
749.12 1762.41 82 87 86
749.22 1762.41 82 87 86
749.33 1762.41 84 89 88
749.43 1762.41 83 88 87
749.53 1762.41 82 87 86
749.64 1762.41 79 84 83
749.74 1762.41 85 90 89
749.84 1762.41 70 75 74
749.95 1762.41 88 93 92
750.05 1762.41 84 89 88
750.16 1762.41 83 89 88
750.26 1762.41 81 87 86
750.36 1762.41 80 86 85
750.47 1762.41 83 88 87
750.57 1762.41 84 89 88
750.67 1762.41 76 81 80
750.78 1762.41 78 83 82
750.88 1762.41 83 88 87
750.99 1762.41 83 88 87
751.09 1762.41 84 89 88
751.19 1762.41 83 88 87
751.3 1762.41 81 86 85
751.4 1762.41 81 86 85
751.51 1762.41 82 87 86
751.61 1762.41 82 87 86
751.71 1762.41 78 83 82
751.82 1762.41 82 87 86
751.92 1762.41 84 89 88
752.02 1762.41 85 90 89
752.13 1762.41 87 92 91
752.23 1762.41 83 88 87
752.34 1762.41 92 97 96
752.44 1762.41 78 83 82
752.54 1762.41 100 105 104
752.65 1762.41 86 86 86
752.75 1762.41 87 87 87
752.86 1762.41 88 88 88
752.96 1762.41 86 88 88
753.06 1762.41 87 89 89
753.17 1762.41 86 88 88
753.27 1762.41 87 89 89
753.37 1762.41 88 90 90
753.48 1762.41 87 89 89
753.58 1762.41 82 84 84
753.69 1762.41 82 84 84
753.79 1762.41 85 87 87
753.89 1762.41 86 88 88
754.0 1762.41 85 87 87
754.1 1762.41 85 87 87
754.21 1762.41 86 88 88
754.31 1762.41 88 90 90
754.41 1762.41 90 92 92
754.52 1762.41 6 8 8
743.51 1762.41 70 75 74
743.61 1762.41 69 74 73
743.72 1762.41 69 74 73
743.82 1762.41 69 74 73
743.93 1762.41 71 76 75
744.03 1762.41 70 75 74
744.13 1762.41 70 75 74
744.24 1762.41 72 77 76
744.34 1762.41 69 74 73
744.44 1762.41 73 78 77
744.55 1762.41 78 83 82
744.65 1762.41 70 75 74
744.76 1762.41 75 80 79
744.86 1762.41 76 81 80
744.96 1762.41 77 82 81
745.07 1762.41 76 81 80
745.17 1762.41 72 77 76
745.28 1762.41 72 77 76
745.38 1762.41 75 80 79
745.48 1762.41 77 82 81
745.59 1762.41 76 81 80
745.69 1762.41 76 81 80
745.79 1762.41 77 82 81
745.9 1762.41 78 83 82
746.0 1762.41 70 75 74
746.11 1762.41 80 85 84
746.21 1762.41 74 79 78
746.31 1762.41 79 84 83
746.42 1762.41 76 81 80
746.52 1762.41 77 82 81
746.63 1762.41 78 83 82
746.73 1762.41 77 82 81
746.83 1762.41 78 80 80
746.94 1762.41 78 80 80
747.04 1762.41 81 83 83
747.14 1762.41 85 87 87
747.25 1762.41 82 84 84
747.35 1762.41 82 84 84
747.46 1762.41 80 82 82
747.56 1762.41 78 80 80
747.66 1762.41 80 82 82
747.77 1762.41 79 81 81
747.87 1762.41 81 83 83
747.98 1762.41 64 66 66
748.08 1762.41 78 80 80
748.18 1762.41 80 82 82
748.29 1762.41 82 84 84
748.39 1762.41 83 85 85
748.49 1762.41 81 86 85
748.6 1762.41 82 87 86
748.7 1762.41 82 87 86
748.81 1762.41 81 86 85
748.91 1762.41 81 86 85
749.01 1762.41 80 85 84
749.12 1762.41 82 87 86
749.22 1762.41 82 87 86
749.33 1762.41 84 89 88
749.43 1762.41 83 88 87
749.53 1762.41 82 87 86
749.64 1762.41 79 84 83
749.74 1762.41 85 90 89
749.84 1762.41 70 75 74
749.95 1762.41 88 93 92
750.05 1762.41 84 89 88
750.16 1762.41 83 89 88
750.26 1762.41 81 87 86
750.36 1762.41 80 86 85
750.47 1762.41 83 88 87
750.57 1762.41 84 89 88
750.67 1762.41 76 81 80
750.78 1762.41 78 83 82
750.88 1762.41 83 88 87
750.99 1762.41 83 88 87
751.09 1762.41 84 89 88
751.19 1762.41 83 88 87
751.3 1762.41 81 86 85
751.4 1762.41 81 86 85
751.51 1762.41 82 87 86
751.61 1762.41 82 87 86
751.71 1762.41 78 83 82
751.82 1762.41 82 87 86
751.92 1762.41 84 89 88
752.02 1762.41 85 90 89
752.13 1762.41 87 92 91
752.23 1762.41 83 88 87
752.34 1762.41 92 97 96
752.44 1762.41 78 83 82
752.54 1762.41 100 105 104
752.65 1762.41 86 86 86
752.75 1762.41 87 87 87
752.86 1762.41 88 88 88
752.96 1762.41 86 88 88
753.06 1762.41 87 89 89
753.17 1762.41 86 88 88
753.27 1762.41 87 89 89
753.37 1762.41 88 90 90
753.48 1762.41 87 89 89
753.58 1762.41 82 84 84
753.69 1762.41 82 84 84
753.79 1762.41 85 87 87
753.89 1762.41 86 88 88
754.0 1762.41 85 87 87
754.1 1762.41 85 87 87
754.21 1762.41 86 88 88
754.31 1762.41 88 90 90
754.41 1762.41 90 92 92
754.52 1762.41 6 8 8
744.55 1762.41 78 83 82
744.65 1762.41 70 75 74
744.76 1762.41 75 80 79
744.86 1762.41 76 81 80
744.96 1762.41 77 82 81
745.07 1762.41 76 81 80
745.17 1762.41 72 77 76
745.28 1762.41 72 77 76
745.38 1762.41 75 80 79
745.48 1762.41 77 82 81
745.59 1762.41 76 81 80
745.69 1762.41 76 81 80
745.79 1762.41 77 82 81
745.9 1762.41 78 83 82
746.0 1762.41 70 75 74
746.11 1762.41 80 85 84
746.21 1762.41 74 79 78
746.31 1762.41 79 84 83
746.42 1762.41 76 81 80
746.52 1762.41 77 82 81
746.63 1762.41 78 83 82
746.73 1762.41 77 82 81
746.83 1762.41 78 80 80
746.94 1762.41 78 80 80
747.04 1762.41 81 83 83
747.14 1762.41 85 87 87
747.25 1762.41 82 84 84
747.35 1762.41 82 84 84
747.46 1762.41 80 82 82
747.56 1762.41 78 80 80
747.66 1762.41 80 82 82